profile_id	lmo0737	lmo1118	ORF2110	ORF2819	prs	serogroup
1	1	0	0	0	1	IIa
2	1	0	0	0	3	IIa
3	1	0	0	0	5	IIa
4	2	0	0	0	1	IIa
5	3	0	0	0	1	IIa
6	3	0	0	0	3	IIa
7	3	0	0	0	5	IIa
8	3	0	0	0	24	IIa
9	4	0	0	0	3	IIa
10	5	0	0	0	1	IIa
11	5	0	0	0	16	IIa
12	6	0	0	0	1	IIa
13	8	0	0	0	1	IIa
14	9	0	0	0	1	IIa
15	10	0	0	0	1	IIa
16	12	0	0	0	1	IIa
17	15	0	0	0	1	IIa
18	16	0	0	0	3	IIa
19	17	0	0	0	1	IIa
20	20	0	0	0	3	IIa
21	0	0	0	1	4	IIb
22	0	0	0	3	2	IIb
23	0	0	0	3	4	IIb
24	0	0	0	3	15	IIb
25	0	0	0	3	21	IIb
26	0	0	0	4	4	IIb
27	0	0	0	5	4	IIb
28	0	0	0	6	4	IIb
29	0	0	0	8	4	IIb
30	0	0	0	13	2	IIb
31	0	0	0	14	2	IIb
32	0	0	0	15	4	IIb
33	0	0	0	18	1	IIb
34	0	0	0	19	7	IIb
35	0	0	0	20	2	IIb
36	0	0	0	21	2	IIb
37	1	1	0	0	1	IIc
38	1	1	0	0	5	IIc
39	1	1	0	0	9	IIc
40	19	1	0	0	1	IIc
41	1	2	0	0	1	IIc
42	0	0	1	1	1	IVb
43	0	0	1	1	2	IVb
44	0	0	1	1	4	IVb
45	0	0	1	1	10	IVb
46	0	0	1	2	2	IVb
47	0	0	1	2	4	IVb
48	0	0	1	3	2	IVb
49	0	0	1	3	4	IVb
50	0	0	1	7	4	IVb
51	0	0	1	9	2	IVb
52	0	0	1	10	2	IVb
53	0	0	2	2	4	IVb
54	0	0	3	3	2	IVb
55	0	0	3	9	2	IVb
56	0	0	3	11	2	IVb
57	0	0	3	12	2	IVb
58	0	0	4	2	4	IVb
59	0	0	5	1	2	IVb
60	0	0	6	1	2	IVb
61	0	0	9	9	2	IVb
62	7	0	1	1	2	IVb-v1
63	11	0	1	1	2	IVb-v1
64	13	0	1	1	2	IVb-v1
65	11	0	1	16	2	IVb-v1
66	11	0	3	1	4	IVb-v1
67	7	0	3	3	4	IVb-v1
68	14	0	3	3	4	IVb-v1
69	7	0	3	14	4	IVb-v1
70	0	0	0	0	1	L
71	0	0	0	0	2	L
72	0	0	0	0	4	L
73	0	0	0	0	6	L
74	0	0	0	0	7	L
75	0	0	0	0	8	L
76	0	0	0	0	11	L
77	0	0	0	0	12	L
78	0	0	0	0	18	L
79	0	0	0	0	19	L
80	0	0	0	0	20	L
81	0	0	0	0	22	L
82	0	0	1	0	4	atypical
83	0	0	3	0	2	atypical
84	0	0	8	0	14	atypical
85	1	0	0	17	1	atypical
86	1	0	0	18	1	atypical
87	18	0	0	22	23	atypical
88	3	0	0	3	4	atypical
89	0	0	1	14	4	IVb
90	25	0	0	0	1	IIa
91	0	0	0	24	2	IIb
92	0	0	12	1	4	IVb
93	1	0	1	1	5	IVb-v1
94	0	0	7	0	13	atypical
95	23	0	0	3	4	atypical
96	1	0	1	1	4	IVb-v1
97	1	0	3	3	2	IVb-v1
98	1	0	1	3	4	IVb-v1
99	3	0	1	1	2	IVb-v1
100	3	0	5	1	2	IVb-v1
101	24	0	1	1	2	IVb-v1
102	21	0	0	0	3	IIa
103	11	0	3	3	4	IVb-v1
104	0	0	0	0	26	L
105	0	0	3	0	17	atypical
106	0	0	0	0	27	L
107	0	0	3	23	2	IVb
108	3	0	0	0	29	IIa
109	27	0	0	0	1	IIa
110	28	0	0	0	1	IIa
111	29	0	0	0	1	IIa
112	30	0	0	0	1	IIa
113	1	6	0	0	1	IIc
114	1	7	0	0	1	IIc
115	3	1	0	0	1	IIc
116	0	0	1	25	4	IVb
117	0	0	15	1	4	IVb
118	0	0	1	1	30	IVb
119	1	0	1	2	4	IVb-v1
120	33	0	0	0	1	IIa
121	34	0	0	0	1	IIa
122	0	0	1	26	4	IVb
123	1	9	0	0	1	IIc
124	0	0	21	3	4	IVb
125	36	0	0	0	1	IIa
126	15	0	0	0	3	IIa
127	0	0	0	27	7	IIb
128	1	22	0	0	1	IIc
129	1	0	0	0	44	IIa
130	2	0	0	0	47	IIa
131	39	0	0	0	1	IIa
132	0	0	0	0	52	L
133	37	0	0	0	1	IIa
134	0	0	28	1	2	IVb
135	40	0	0	0	1	IIa
136	0	0	0	1	2	IIb
137	0	0	0	0	33	L
138	0	0	0	0	35	L
139	0	0	0	0	36	L
140	0	0	0	0	53	L
141	0	0	0	0	54	L
142	0	0	0	0	55	L
143	0	0	0	0	56	L
144	0	0	0	0	57	L
145	32	0	0	0	1	IIa
146	0	0	0	0	50	L
147	0	0	1	41	4	IVb
148	1	14	0	0	1	IIc
149	1	15	0	0	1	IIc
150	1	16	0	0	1	IIc
151	0	0	1	7	2	IVb
152	0	0	0	0	63	L
153	0	0	0	0	64	L
154	45	0	0	0	1	IIa
155	46	0	0	0	1	IIa
156	0	0	0	43	4	IIb
157	0	0	1	42	4	IVb
158	47	0	0	0	5	IIa
159	0	0	3	3	4	IVb
160	0	0	17	2	4	IVb
161	48	0	0	0	1	IIa
162	0	0	0	0	42	L
163	0	0	1	44	2	IVb
164	0	0	29	1	2	IVb
165	1	17	0	0	1	IIc
166	49	0	0	0	1	IIa
167	0	0	32	0	13	atypical
168	0	0	0	0	68	L
169	0	0	0	0	69	L
170	0	0	19	0	28	atypical
171	0	0	33	0	72	atypical
172	0	0	34	0	28	atypical
173	0	0	35	0	28	atypical
174	0	0	0	0	70	L
175	0	0	0	0	71	L
176	0	0	0	0	28	L
177	0	0	0	0	31	L
178	50	0	0	0	1	IIa
179	51	0	0	0	1	IIa
180	0	0	37	2	4	IVb
181	0	0	37	1	2	IVb
182	0	0	0	0	76	L
183	0	0	0	0	77	L
184	0	0	0	0	78	L
185	0	0	0	0	79	L
186	1	0	0	45	1	atypical
187	3	0	0	46	1	atypical
188	1	0	0	45	23	atypical
189	0	0	1	47	2	IVb
190	0	0	0	0	80	L
191	52	0	0	0	1	IIa
192	0	0	0	3	1	IIb
193	15	18	0	0	1	IIc
194	1	0	0	0	81	IIa
195	0	0	1	1	82	IVb
196	0	0	1	1	83	IVb
197	53	0	0	0	33	IIa
198	7	0	3	48	4	IVb-v1
199	0	0	0	0	65	L
200	0	0	3	2	2	IVb
201	7	0	0	49	2	atypical
202	0	0	0	0	84	L
203	0	0	0	0	66	L
204	0	0	0	0	37	L
205	0	0	0	0	85	L
206	0	0	0	0	86	L
207	0	0	0	5	2	IIb
208	0	0	0	0	34	L
209	1	0	0	0	87	IIa
210	54	0	0	0	5	IIa
211	55	0	0	0	1	IIa
212	56	0	0	0	1	IIa
213	57	0	0	0	1	IIa
214	58	0	0	0	1	IIa
215	59	0	0	0	5	IIa
216	60	0	0	0	1	IIa
217	1	0	0	0	89	IIa
218	0	0	0	50	4	IIb
219	0	0	0	18	23	IIb
220	0	0	0	18	5	IIb
221	1	19	0	0	1	IIc
222	1	20	0	0	1	IIc
223	1	21	0	0	1	IIc
224	0	0	1	30	2	IVb
225	0	0	26	1	2	IVb
226	0	0	45	1	4	IVb
227	0	0	46	9	2	IVb
228	0	0	1	1	88	IVb
229	0	0	47	1	4	IVb
230	0	0	1	13	4	IVb
231	1	23	0	0	1	IIc
232	0	0	0	0	90	L
233	0	0	0	0	91	L
234	61	0	0	0	5	IIa
